0.410000 0.420000 0.040000
0.410000 0.420000 0.060000
0.410000 0.440000 0.000000
0.410000 0.440000 0.020000
0.410000 0.440000 0.040000
0.410000 0.440000 0.060000
0.410000 0.460000 0.000000
0.410000 0.460000 0.020000
0.410000 0.460000 0.040000
0.410000 0.460000 0.060000
0.410000 0.480000 0.000000
0.410000 0.480000 0.020000
0.410000 0.480000 0.040000
0.410000 0.480000 0.060000
0.410000 0.500000 0.000000
0.410000 0.500000 0.020000
0.410000 0.500000 0.040000
0.410000 0.500000 0.060000
0.410000 0.520000 0.000000
0.410000 0.520000 0.020000
0.410000 0.520000 0.040000
0.410000 0.520000 0.060000
0.410000 0.540000 0.000000
0.410000 0.540000 0.020000
0.410000 0.540000 0.040000
0.410000 0.540000 0.060000
0.410000 0.560000 0.000000
0.410000 0.560000 0.020000
0.410000 0.560000 0.040000
0.410000 0.560000 0.060000
0.410000 0.580000 0.020000
0.410000 0.580000 0.040000
0.410000 0.580000 0.060000
0.430000 0.420000 0.000000
0.430000 0.420000 0.020000
0.430000 0.420000 0.040000
0.430000 0.420000 0.060000
0.430000 0.440000 0.000000
0.430000 0.440000 0.020000
0.430000 0.440000 0.040000
0.430000 0.440000 0.060000
0.430000 0.460000 0.000000
0.430000 0.460000 0.020000
0.430000 0.460000 0.040000
0.430000 0.460000 0.060000
0.430000 0.480000 0.000000
0.430000 0.480000 0.020000
0.430000 0.480000 0.040000
0.430000 0.480000 0.060000
0.430000 0.500000 0.000000
0.430000 0.500000 0.020000
0.430000 0.500000 0.040000
0.430000 0.500000 0.060000
0.430000 0.520000 0.000000
0.430000 0.520000 0.020000
0.430000 0.520000 0.040000
0.430000 0.520000 0.060000
0.430000 0.540000 0.000000
0.430000 0.540000 0.020000
0.430000 0.540000 0.040000
0.430000 0.540000 0.060000
0.430000 0.560000 0.000000
0.430000 0.560000 0.020000
0.430000 0.560000 0.040000
0.430000 0.560000 0.060000
0.430000 0.580000 0.000000
0.430000 0.580000 0.020000
0.430000 0.580000 0.040000
0.430000 0.580000 0.060000
0.450000 0.420000 0.000000
0.450000 0.420000 0.020000
0.450000 0.420000 0.040000
0.450000 0.420000 0.060000
0.450000 0.440000 0.000000
0.450000 0.440000 0.020000
0.450000 0.440000 0.040000
0.450000 0.440000 0.060000
0.450000 0.460000 0.000000
0.450000 0.460000 0.020000
0.450000 0.460000 0.040000
0.450000 0.460000 0.060000
0.450000 0.480000 0.000000
0.450000 0.480000 0.020000
0.450000 0.480000 0.040000
0.450000 0.480000 0.060000
0.450000 0.500000 0.000000
0.450000 0.500000 0.020000
0.450000 0.500000 0.040000
0.450000 0.500000 0.060000
0.450000 0.520000 0.000000
0.450000 0.520000 0.020000
0.450000 0.520000 0.040000
0.450000 0.520000 0.060000
0.450000 0.540000 0.000000
0.450000 0.540000 0.020000
0.450000 0.540000 0.040000
0.450000 0.540000 0.060000
0.450000 0.560000 0.000000
0.450000 0.560000 0.020000
0.450000 0.560000 0.040000
0.450000 0.560000 0.060000
0.450000 0.580000 0.000000
0.450000 0.580000 0.020000
0.450000 0.580000 0.040000
0.450000 0.580000 0.060000
0.470000 0.420000 0.000000
0.470000 0.420000 0.020000
0.470000 0.420000 0.040000
0.470000 0.420000 0.060000
0.470000 0.440000 0.000000
0.470000 0.440000 0.020000
0.470000 0.440000 0.040000
0.470000 0.440000 0.060000
0.470000 0.460000 0.000000
0.470000 0.460000 0.020000
0.470000 0.460000 0.040000
0.470000 0.460000 0.060000
0.470000 0.480000 0.000000
0.470000 0.480000 0.020000
0.470000 0.480000 0.040000
0.470000 0.480000 0.060000
0.470000 0.500000 0.000000
0.470000 0.500000 0.020000
0.470000 0.500000 0.040000
0.470000 0.500000 0.060000
0.470000 0.520000 0.000000
0.470000 0.520000 0.020000
0.470000 0.520000 0.040000
0.470000 0.520000 0.060000
0.470000 0.540000 0.000000
0.470000 0.540000 0.020000
0.470000 0.540000 0.040000
0.470000 0.540000 0.060000
0.470000 0.560000 0.000000
0.470000 0.560000 0.020000
0.470000 0.560000 0.040000
0.470000 0.560000 0.060000
0.470000 0.580000 0.000000
0.470000 0.580000 0.020000
0.470000 0.580000 0.040000
0.470000 0.580000 0.060000
0.490000 0.420000 0.000000
0.490000 0.420000 0.020000
0.490000 0.420000 0.040000
0.490000 0.420000 0.060000
0.490000 0.440000 0.000000
0.490000 0.440000 0.020000
0.490000 0.440000 0.040000
0.490000 0.440000 0.060000
0.490000 0.460000 0.000000
0.490000 0.460000 0.020000
0.490000 0.460000 0.040000
0.490000 0.460000 0.060000
0.490000 0.480000 0.000000
0.490000 0.480000 0.020000
0.490000 0.480000 0.040000
0.490000 0.480000 0.060000
0.490000 0.500000 0.000000
0.490000 0.500000 0.020000
0.490000 0.500000 0.040000
0.490000 0.500000 0.060000
0.490000 0.520000 0.000000
0.490000 0.520000 0.020000
0.490000 0.520000 0.040000
0.490000 0.520000 0.060000
0.490000 0.540000 0.000000
0.490000 0.540000 0.020000
0.490000 0.540000 0.040000
0.490000 0.540000 0.060000
0.490000 0.560000 0.000000
0.490000 0.560000 0.020000
0.490000 0.560000 0.040000
0.490000 0.560000 0.060000
0.490000 0.580000 0.000000
0.490000 0.580000 0.020000
0.490000 0.580000 0.040000
0.490000 0.580000 0.060000
0.510000 0.420000 0.000000
0.510000 0.420000 0.020000
0.510000 0.420000 0.040000
0.510000 0.420000 0.060000
0.510000 0.440000 0.000000
0.510000 0.440000 0.020000
0.510000 0.440000 0.040000
0.510000 0.440000 0.060000
0.510000 0.460000 0.000000
0.510000 0.460000 0.020000
0.510000 0.460000 0.040000
0.510000 0.460000 0.060000
0.510000 0.480000 0.000000
0.510000 0.480000 0.020000
0.510000 0.480000 0.040000
0.510000 0.480000 0.060000
0.510000 0.500000 0.000000
0.510000 0.500000 0.020000
0.510000 0.500000 0.040000
0.510000 0.500000 0.060000
0.510000 0.520000 0.000000
0.510000 0.520000 0.020000
0.510000 0.520000 0.040000
0.510000 0.520000 0.060000
0.510000 0.540000 0.000000
0.510000 0.540000 0.020000
0.510000 0.540000 0.040000
0.510000 0.540000 0.060000
0.510000 0.560000 0.000000
0.510000 0.560000 0.020000
0.510000 0.560000 0.040000
0.510000 0.560000 0.060000
0.510000 0.580000 0.000000
0.510000 0.580000 0.020000
0.510000 0.580000 0.040000
0.510000 0.580000 0.060000
0.530000 0.420000 0.000000
0.530000 0.420000 0.020000
0.530000 0.420000 0.040000
0.530000 0.420000 0.060000
0.530000 0.440000 0.000000
0.530000 0.440000 0.020000
0.530000 0.440000 0.040000
0.530000 0.440000 0.060000
0.530000 0.460000 0.000000
0.530000 0.460000 0.020000
0.530000 0.460000 0.040000
0.530000 0.460000 0.060000
0.530000 0.480000 0.000000
0.530000 0.480000 0.020000
0.530000 0.480000 0.040000
0.530000 0.480000 0.060000
0.530000 0.500000 0.000000
0.530000 0.500000 0.020000
0.530000 0.500000 0.040000
0.530000 0.500000 0.060000
0.530000 0.520000 0.000000
0.530000 0.520000 0.020000
0.530000 0.520000 0.040000
0.530000 0.520000 0.060000
0.530000 0.540000 0.000000
0.530000 0.540000 0.020000
0.530000 0.540000 0.040000
0.530000 0.540000 0.060000
0.530000 0.560000 0.000000
0.530000 0.560000 0.020000
0.530000 0.560000 0.040000
0.530000 0.560000 0.060000
0.530000 0.580000 0.000000
0.530000 0.580000 0.020000
0.530000 0.580000 0.040000
0.530000 0.580000 0.060000
0.550000 0.420000 0.000000
0.550000 0.420000 0.020000
0.550000 0.420000 0.040000
0.550000 0.420000 0.060000
0.550000 0.440000 0.000000
0.550000 0.440000 0.020000
0.550000 0.440000 0.040000
0.550000 0.440000 0.060000
0.550000 0.460000 0.000000
0.550000 0.460000 0.020000
0.550000 0.460000 0.040000
0.550000 0.460000 0.060000
0.550000 0.480000 0.000000
0.550000 0.480000 0.020000
0.550000 0.480000 0.040000
0.550000 0.480000 0.060000
0.550000 0.500000 0.000000
0.550000 0.500000 0.020000
0.550000 0.500000 0.040000
0.550000 0.500000 0.060000
0.550000 0.520000 0.000000
0.550000 0.520000 0.020000
0.550000 0.520000 0.040000
0.550000 0.520000 0.060000
0.550000 0.540000 0.000000
0.550000 0.540000 0.020000
0.550000 0.540000 0.040000
0.550000 0.540000 0.060000
0.550000 0.560000 0.000000
0.550000 0.560000 0.020000
0.550000 0.560000 0.040000
0.550000 0.560000 0.060000
0.550000 0.580000 0.000000
0.550000 0.580000 0.020000
0.550000 0.580000 0.040000
0.550000 0.580000 0.060000
0.570000 0.420000 0.000000
0.570000 0.420000 0.020000
0.570000 0.420000 0.040000
0.570000 0.420000 0.060000
0.570000 0.440000 0.000000
0.570000 0.440000 0.020000
0.570000 0.440000 0.040000
0.570000 0.440000 0.060000
0.570000 0.460000 0.000000
0.570000 0.460000 0.020000
0.570000 0.460000 0.040000
0.570000 0.460000 0.060000
0.570000 0.480000 0.000000
0.570000 0.480000 0.020000
0.570000 0.480000 0.040000
0.570000 0.480000 0.060000
0.570000 0.500000 0.000000
0.570000 0.500000 0.020000
0.570000 0.500000 0.040000
0.570000 0.500000 0.060000
0.570000 0.520000 0.000000
0.570000 0.520000 0.020000
0.570000 0.520000 0.040000
0.570000 0.520000 0.060000
0.570000 0.540000 0.000000
0.570000 0.540000 0.020000
0.570000 0.540000 0.040000
0.570000 0.540000 0.060000
0.570000 0.560000 0.000000
0.570000 0.560000 0.020000
0.570000 0.560000 0.040000
0.570000 0.560000 0.060000
0.570000 0.580000 0.000000
0.570000 0.580000 0.020000
0.570000 0.580000 0.040000
0.570000 0.580000 0.060000
0.590000 0.420000 0.020000
0.590000 0.420000 0.040000
0.590000 0.420000 0.060000
0.590000 0.440000 0.000000
0.590000 0.440000 0.020000
0.590000 0.440000 0.040000
0.590000 0.440000 0.060000
0.590000 0.460000 0.000000
0.590000 0.460000 0.020000
0.590000 0.460000 0.040000
0.590000 0.460000 0.060000
0.590000 0.480000 0.000000
0.590000 0.480000 0.020000
0.590000 0.480000 0.040000
0.590000 0.480000 0.060000
0.590000 0.500000 0.000000
0.590000 0.500000 0.020000
0.590000 0.500000 0.040000
0.590000 0.500000 0.060000
0.590000 0.520000 0.000000
0.590000 0.520000 0.020000
0.590000 0.520000 0.040000
0.590000 0.520000 0.060000
0.590000 0.540000 0.000000
0.590000 0.540000 0.020000
0.590000 0.540000 0.040000
0.590000 0.540000 0.060000
0.590000 0.560000 0.000000
0.590000 0.560000 0.020000
0.590000 0.560000 0.040000
0.590000 0.560000 0.060000
0.590000 0.580000 0.020000
0.590000 0.580000 0.040000
0.590000 0.580000 0.060000
