0.000000 0.000000 0.000000
-10.563477 34.445240 -36.645042
-10.046712 32.722659 -34.811091
-9.570737 31.081870 -33.070940
-9.136756 29.515644 -31.421269
-8.739836 28.021317 -29.857001
-8.375607 26.596222 -28.373363
-8.040205 25.237711 -26.965870
-7.730218 23.943164 -25.630304
-7.442634 22.710008 -24.362703
-7.174803 21.535720 -23.159340
-6.924393 20.417838 -22.016712
-6.689355 19.353964 -20.931525
-6.467895 18.341772 -19.900678
-6.258441 17.379006 -18.921256
-6.059619 16.463485 -17.990515
-5.870233 15.593101 -17.105870
-5.689239 14.765824 -16.264889
-5.515733 13.979698 -15.465279
-5.348929 13.232840 -14.704881
-5.188148 12.523442 -13.981657
-5.032804 11.849765 -13.293688
-4.882395 11.210144 -12.639162
-4.736485 10.602979 -12.016368
-4.594706 10.026738 -11.423693
-4.456741 9.479955 -10.859611
-4.322319 8.961225 -10.322681
-4.191213 8.469203 -9.811542
-4.063229 8.002605 -9.324906
-3.938204 7.560202 -8.861554
-3.815999 7.140818 -8.420333
-3.696500 6.743333 -8.000153
-3.579610 6.366674 -7.599979
-3.465247 6.009819 -7.218833
-3.353344 5.671791 -6.855786
-3.243844 5.351658 -6.509960
-3.136699 5.048531 -6.180520
-3.031869 4.761563 -5.866674
-2.929319 4.489945 -5.567672
-2.829020 4.232906 -5.282802
-2.730945 3.989713 -5.011386
-2.635071 3.759666 -4.752783
-2.541377 3.542097 -4.506381
-2.449843 3.336372 -4.271601
-2.360448 3.141887 -4.047892
-2.273175 2.958065 -3.834729
-2.188004 2.784359 -3.631614
-2.104916 2.620248 -3.438073
-2.023891 2.465234 -3.253656
-1.944909 2.318847 -3.077932
-1.867947 2.180638 -2.910495
-1.792985 2.050179 -2.750956
-1.719998 1.927064 -2.598944
-1.648963 1.810907 -2.454107
-1.579853 1.701343 -2.316111
-1.512642 1.598022 -2.184635
-1.447304 1.500612 -2.059375
-1.383808 1.408801 -1.940042
-1.322127 1.322288 -1.826360
-1.262230 1.240789 -1.718065
-1.204086 1.164037 -1.614906
-1.147663 1.091774 -1.516645
-1.092929 1.023758 -1.423054
-1.039851 0.959758 -1.333915
-0.988395 0.899557 -1.249023
-0.938528 0.842946 -1.168179
-0.890216 0.789729 -1.091195
-0.843424 0.739720 -1.017893
-0.798117 0.692741 -0.948101
-0.754261 0.648625 -0.881656
-0.711820 0.607213 -0.818403
-0.670760 0.568354 -0.758193
-0.631046 0.531906 -0.700885
-0.592643 0.497733 -0.646345
-0.555516 0.465707 -0.594444
-0.519631 0.435707 -0.545059
-0.484954 0.407619 -0.498073
-0.451452 0.381332 -0.453375
-0.419089 0.356745 -0.410859
-0.387834 0.333760 -0.370423
-0.357653 0.312284 -0.331971
-0.328515 0.292231 -0.295411
-0.300387 0.273518 -0.260653
-0.273237 0.256067 -0.227616
-0.247036 0.239805 -0.196218
-0.221752 0.224660 -0.166385
-0.197356 0.210568 -0.138042
-0.173819 0.197467 -0.111121
-0.151111 0.185296 -0.085555
-0.129205 0.174002 -0.061283
-0.108073 0.163530 -0.038243
-0.087687 0.153832 -0.016379
-0.068023 0.144861 0.004364
-0.049054 0.136573 0.024038
-0.030754 0.128925 0.042692
-0.013099 0.121879 0.060373
0.003934 0.115398 0.077127
0.020370 0.109446 0.092996
0.036231 0.103990 0.108022
0.051539 0.099000 0.122241
0.066316 0.094446 0.135693
0.080584 0.090300 0.148412
0.094362 0.086537 0.160431
0.107670 0.083131 0.171783
0.120529 0.080061 0.182498
0.132956 0.077304 0.192605
0.144970 0.074840 0.202131
0.156590 0.072650 0.211103
0.167832 0.070715 0.219545
0.178712 0.069019 0.227481
0.189249 0.067547 0.234934
0.199456 0.066282 0.241926
0.209350 0.065211 0.248475
0.218945 0.064321 0.254603
0.228256 0.063599 0.260327
0.237297 0.063035 0.265665
0.246082 0.062617 0.270632
0.254623 0.062335 0.275246
0.262933 0.062179 0.279521
0.271025 0.062141 0.283471
0.278910 0.062213 0.287109
0.286601 0.062386 0.290449
0.294108 0.062654 0.293502
0.301442 0.063010 0.296280
0.308615 0.063447 0.298793
0.315635 0.063960 0.301052
0.322513 0.064543 0.303066
0.329259 0.065192 0.304845
0.335881 0.065901 0.306397
0.342389 0.066667 0.307731
0.348791 0.067485 0.308853
0.355096 0.068351 0.309772
0.361311 0.069263 0.310493
0.367446 0.070217 0.311025
0.373507 0.071211 0.311371
0.379501 0.072240 0.311539
0.385436 0.073305 0.311534
0.391319 0.074401 0.311359
0.397157 0.075527 0.311021
0.402956 0.076681 0.310523
0.408721 0.077862 0.309870
0.414460 0.079068 0.309065
0.420179 0.080298 0.308112
0.425882 0.081551 0.307014
0.431576 0.082825 0.305774
0.437265 0.084120 0.304394
0.442956 0.085436 0.302879
0.448653 0.086770 0.301228
0.454360 0.088123 0.299446
0.460084 0.089495 0.297534
0.465828 0.090885 0.295493
0.471596 0.092293 0.293325
0.477394 0.093718 0.291032
0.483225 0.095161 0.288615
0.489093 0.096622 0.286075
0.495003 0.098100 0.283413
0.500957 0.099596 0.280630
0.506961 0.101110 0.277727
0.513017 0.102642 0.274704
0.519129 0.104193 0.271562
0.525301 0.105762 0.268301
0.531536 0.107350 0.264922
0.537836 0.108958 0.261424
0.544206 0.110587 0.257808
0.550648 0.112235 0.254073
0.557165 0.113905 0.250221
0.563760 0.115597 0.246250
0.570436 0.117310 0.242161
0.577196 0.119047 0.237953
0.584042 0.120807 0.233626
0.590977 0.122591 0.229179
0.598004 0.124400 0.224613
0.605125 0.126235 0.219926
0.612342 0.128096 0.215119
0.619658 0.129984 0.210190
0.627076 0.131900 0.205140
0.634597 0.133844 0.199967
0.642223 0.135818 0.194672
0.649958 0.137821 0.189253
0.657803 0.139855 0.183711
0.665760 0.141921 0.178044
0.673831 0.144020 0.172251
0.682018 0.146151 0.166334
0.690325 0.148316 0.160290
0.698751 0.150517 0.154119
0.707300 0.152752 0.147822
0.722161 0.123268 0.173904
0.783348 -0.143926 0.443133
0.843636 -0.396396 0.697110
0.904291 -0.634232 0.936655
0.965071 -0.858147 1.162448
1.025743 -1.068818 1.375136
1.086093 -1.266894 1.575339
1.145924 -1.452995 1.763650
1.205055 -1.627717 1.940640
1.263321 -1.791629 2.106854
1.320575 -1.945277 2.262814
1.376680 -2.089182 2.409020
1.431516 -2.223841 2.545950
1.484975 -2.349733 2.674064
1.536962 -2.467311 2.793799
1.587392 -2.577011 2.905574
1.636194 -2.679246 3.009792
1.683304 -2.774413 3.106835
1.728671 -2.862889 3.197070
1.772251 -2.945033 3.280847
1.814008 -3.021188 3.358502
1.853916 -3.091680 3.430353
1.891955 -3.156820 3.496707
1.928111 -3.216903 3.557854
1.962380 -3.272210 3.614073
1.994758 -3.323007 3.665629
2.025251 -3.369550 3.712775
2.053868 -3.412078 3.755752
2.080623 -3.450820 3.794790
2.105534 -3.485994 3.830108
2.128621 -3.517804 3.861914
2.149910 -3.546447 3.890407
2.169428 -3.572106 3.915776
2.187205 -3.594958 3.938200
2.203275 -3.615167 3.957851
2.217671 -3.632890 3.974890
2.230430 -3.648276 3.989472
2.241590 -3.661465 4.001743
2.251190 -3.672589 4.011843
2.259271 -3.681774 4.019902
2.265874 -3.689137 4.026047
2.271041 -3.694791 4.030395
2.274814 -3.698839 4.033059
2.277236 -3.701382 4.034145
2.278352 -3.702513 4.033753
2.278203 -3.702320 4.031979
2.276833 -3.700886 4.028913
2.274286 -3.698289 4.024639
2.270604 -3.694602 4.019237
2.265831 -3.689894 4.012784
2.260008 -3.684231 4.005350
2.253177 -3.677674 3.997002
2.245380 -3.670280 3.987803
2.236658 -3.662102 3.977814
2.227050 -3.653192 3.967089
2.216596 -3.643597 3.955682
2.205335 -3.633362 3.943642
2.193305 -3.622528 3.931015
2.180542 -3.611134 3.917843
2.167085 -3.599218 3.904169
2.152966 -3.586814 3.890029
2.138223 -3.573954 3.875460
2.122888 -3.560668 3.860494
2.106994 -3.546985 3.845162
2.090573 -3.532931 3.829493
2.073658 -3.518532 3.813514
2.056277 -3.503810 3.797250
2.038460 -3.488787 3.780723
2.020237 -3.473484 3.763957
2.001634 -3.457920 3.746969
1.982678 -3.442113 3.729779
1.963395 -3.426079 3.712405
1.943811 -3.409835 3.694860
1.923950 -3.393395 3.677162
1.903834 -3.376772 3.659321
1.883487 -3.359980 3.641352
1.862930 -3.343031 3.623265
1.842185 -3.325937 3.605070
1.821271 -3.308707 3.586778
1.800208 -3.291352 3.568396
1.779015 -3.273882 3.549933
1.757710 -3.256305 3.531397
1.736309 -3.238630 3.512793
1.714831 -3.220864 3.494127
1.693289 -3.203015 3.475406
1.671701 -3.185090 3.456634
1.650079 -3.167096 3.437816
1.628439 -3.149038 3.418955
1.606794 -3.130923 3.400055
1.585156 -3.112756 3.381121
1.563539 -3.094542 3.362153
1.541952 -3.076287 3.343156
1.520408 -3.057996 3.324132
1.498917 -3.039672 3.305083
1.477490 -3.021320 3.286011
1.456135 -3.002945 3.266917
1.434862 -2.984550 3.247804
1.413680 -2.966138 3.228672
1.392597 -2.947715 3.209524
1.371621 -2.929282 3.190361
1.350758 -2.910844 3.171183
17.597521 68.491229 -49.992787
17.468410 68.517715 -50.001774
17.347879 68.535909 -50.018800
17.235178 68.546750 -50.042899
17.129609 68.551071 -50.073218
17.030533 68.549609 -50.109001
16.937361 68.543020 -50.149579
16.849556 68.531882 -50.194359
16.766628 68.516710 -50.242817
16.688126 68.497963 -50.294488
16.613642 68.476045 -50.348964
16.542801 68.451318 -50.405881
16.475261 68.424102 -50.464919
16.410710 68.394683 -50.525794
16.348865 68.363315 -50.588257
16.289466 68.330224 -50.652086
16.232277 68.295609 -50.717088
16.177083 68.259650 -50.783090
16.123689 68.222505 -50.849941
16.071916 68.184316 -50.917507
16.021602 68.145209 -50.985673
15.972599 68.105295 -51.054333
15.924774 68.064673 -51.123398
15.878005 68.023432 -51.192789
15.832152 67.981874 -51.262147
15.787101 67.940053 -51.331439
15.742749 67.898015 -51.400637
15.699002 67.855800 -51.469717
15.655775 67.813444 -51.538660
15.612994 67.770978 -51.607450
15.570589 67.728429 -51.676075
15.528499 67.685819 -51.744523
15.486669 67.643168 -51.812788
15.445049 67.600492 -51.880863
15.403595 67.557807 -51.948743
15.362267 67.515125 -52.016427
15.321029 67.472455 -52.083912
15.279850 67.429807 -52.151197
15.238702 67.387187 -52.218282
15.197559 67.344601 -52.285169
15.156398 67.302055 -52.351858
15.115201 67.259551 -52.418351
15.073949 67.217093 -52.484650
15.032627 67.174682 -52.550758
14.991223 67.132321 -52.616677
14.949723 67.090011 -52.682409
14.908119 67.047751 -52.747958
14.866401 67.005542 -52.813326
14.824561 66.963384 -52.878517
14.782594 66.921277 -52.943532
14.740494 66.879220 -53.008375
14.698258 66.837211 -53.073048
14.655880 66.795251 -53.137554
14.613359 66.753337 -53.201896
14.570693 66.711469 -53.266075
14.527880 66.669646 -53.330094
14.484919 66.627867 -53.393956
14.441809 66.586129 -53.457661
14.398552 66.544432 -53.521213
14.355147 66.502775 -53.584613
14.311594 66.461155 -53.647862
14.267896 66.419573 -53.710962
14.224052 66.378027 -53.773915
14.180066 66.336515 -53.836721
14.135938 66.295037 -53.899382
14.091671 66.253591 -53.961899
14.047266 66.212177 -54.024272
14.002727 66.170793 -54.086503
13.958054 66.129439 -54.148592
13.913252 66.088114 -54.210540
13.868322 66.046816 -54.272347
13.823276 66.005561 -54.333994
13.778117 65.964347 -54.395482
13.732845 65.923172 -54.456812
13.687464 65.882035 -54.517986
13.641976 65.840936 -54.579003
13.596382 65.799874 -54.639867
13.550685 65.758846 -54.700576
13.504887 65.717854 -54.761133
13.458991 65.676896 -54.821537
13.412999 65.635971 -54.881789
13.366914 65.595079 -54.941889
13.320738 65.554220 -55.001838
13.274473 65.513392 -55.061636
13.228122 65.472596 -55.121284
13.181673 65.431827 -55.180789
13.135113 65.391081 -55.240160
13.088430 65.350354 -55.299405
13.041614 65.309643 -55.358530
12.994768 65.268890 -55.417579
12.947877 65.228096 -55.476553
12.900924 65.187265 -55.535454
12.853894 65.146398 -55.594283
12.806769 65.105498 -55.653040
12.759532 65.064568 -55.711725
12.712166 65.023611 -55.770341
12.664652 64.982629 -55.828886
12.616975 64.941627 -55.887361
12.569117 64.900606 -55.945765
12.521063 64.859571 -56.004099
12.472797 64.818525 -56.062360
12.424306 64.777470 -56.120549
12.375573 64.736410 -56.178665
12.326586 64.695347 -56.236708
12.277332 64.654283 -56.294678
12.227799 64.613219 -56.352577
12.177976 64.572155 -56.410404
12.127855 64.531093 -56.468161
12.077428 64.490030 -56.525850
12.026687 64.448968 -56.583472
11.975627 64.407904 -56.641030
11.924244 64.366838 -56.698524
11.872532 64.325768 -56.755957
11.820489 64.284692 -56.813330
11.768111 64.243608 -56.870646
11.715398 64.202515 -56.927907
11.662346 64.161410 -56.985114
11.608955 64.120291 -57.042269
11.554966 64.079235 -57.099338
11.500387 64.038236 -57.156325
11.445227 63.997287 -57.213233
11.389492 63.956385 -57.270065
11.333192 63.915523 -57.326823
11.276335 63.874697 -57.383511
11.218931 63.833903 -57.440129
11.160988 63.793135 -57.496681
11.102517 63.752388 -57.553168
11.043527 63.711657 -57.609594
10.984028 63.670938 -57.665958
10.924029 63.630227 -57.722265
10.863539 63.589518 -57.778514
10.801883 63.548913 -57.834722
10.739095 63.508400 -57.890888
10.675211 63.467971 -57.947015
10.610264 63.427615 -58.003103
10.544288 63.387322 -58.059154
10.477318 63.347082 -58.115170
10.409387 63.306886 -58.171151
10.340527 63.266724 -58.227099
10.270769 63.226587 -58.283016
10.200145 63.186467 -58.338902
10.128686 63.146353 -58.394758
10.056419 63.106239 -58.450586
9.983375 63.066116 -58.506386
9.909579 63.025976 -58.562160
9.835060 62.985812 -58.617908
9.759842 62.945616 -58.673631
9.683951 62.905382 -58.729329
9.607410 62.865102 -58.785003
9.530242 62.824771 -58.840655
9.452470 62.784382 -58.896283
9.374115 62.743930 -58.951889
9.295198 62.703409 -59.007472
9.215738 62.662813 -59.063034
9.135754 62.622138 -59.118574
9.055264 62.581379 -59.174093
8.974285 62.540530 -59.229590
8.892835 62.499588 -59.285065
8.810929 62.458549 -59.340519
8.728582 62.417407 -59.395952
8.645809 62.376160 -59.451363
8.562625 62.334805 -59.506753
8.479042 62.293336 -59.562120
8.395073 62.251751 -59.617465
8.310731 62.210048 -59.672788
8.225989 62.168243 -59.728073
8.140861 62.126332 -59.783319
8.055357 62.084311 -59.838529
7.969491 62.042175 -59.893703
7.883272 61.999922 -59.948843
7.796714 61.957546 -60.003948
7.709824 61.915045 -60.059020
7.622615 61.872415 -60.114058
7.535094 61.829654 -60.169064
7.447272 61.786759 -60.224037
7.359157 61.743726 -60.278977
7.270757 61.700555 -60.333885
7.182080 61.657241 -60.388760
7.093135 61.613784 -60.443602
7.003929 61.570180 -60.498412
6.914468 61.526429 -60.553189
6.824759 61.482528 -60.607932
6.734810 61.438475 -60.662642
6.644626 61.394269 -60.717318
6.554214 61.349908 -60.771960
6.463579 61.305391 -60.826567
6.372727 61.260716 -60.881139
6.281663 61.215882 -60.935675
6.190392 61.170888 -60.990176
6.098920 61.125732 -61.044640
6.007251 61.080414 -61.099066
5.915390 61.034933 -61.153456
5.823341 60.989287 -61.207807
5.731109 60.943475 -61.262119
5.638698 60.897498 -61.316392
5.546111 60.851352 -61.370625
5.453354 60.805039 -61.424817
5.360428 60.758557 -61.478968
5.267339 60.711906 -61.533077
5.174090 60.665085 -61.587144
5.080684 60.618092 -61.641168
4.987124 60.570929 -61.695147
4.893414 60.523593 -61.749082
4.799557 60.476085 -61.802972
4.705556 60.428404 -61.856817
4.611413 60.380549 -61.910614
4.517133 60.332521 -61.964364
4.422717 60.284318 -62.018066
4.328169 60.235941 -62.071720
4.233491 60.187388 -62.125324
4.138685 60.138660 -62.178878
4.187789 59.961160 -62.188014
4.013906 59.982712 -62.265699
4.073496 59.796690 -62.271121
4.134038 59.610704 -62.275906
4.195562 59.424740 -62.280047
4.258038 59.238835 -62.283557
4.321446 59.053019 -62.286442
4.385764 58.867322 -62.288711
4.450975 58.681768 -62.290373
4.517058 58.496385 -62.291434
4.584001 58.311195 -62.291900
4.651791 58.126217 -62.291777
4.720413 57.941474 -62.291072
4.789856 57.756983 -62.289788
4.860110 57.572761 -62.287930
4.931166 57.388825 -62.285503
5.003015 57.205192 -62.282511
5.075648 57.021875 -62.278958
5.149062 56.838886 -62.274846
5.223243 56.656243 -62.270181
5.298191 56.473955 -62.264964
5.373897 56.292035 -62.259199
5.450358 56.110494 -62.252888
5.527567 55.929344 -62.246035
5.605522 55.748594 -62.238641
5.684216 55.568255 -62.230709
5.763647 55.388337 -62.222242
5.843810 55.208849 -62.213242
5.924702 55.029801 -62.203712
6.006318 54.851202 -62.193653
6.088657 54.673059 -62.183068
6.171715 54.495382 -62.171958
6.255487 54.318181 -62.160326
6.339973 54.141460 -62.148174
6.425167 53.965231 -62.135504
6.511071 53.789498 -62.122317
6.597678 53.614271 -62.108616
6.684987 53.439556 -62.094402
6.772995 53.265363 -62.079679
6.861700 53.091696 -62.064446
6.951097 52.918565 -62.048708
7.041188 52.745974 -62.032463
7.131967 52.573932 -62.015717
7.223429 52.402448 -61.998470
7.315578 52.231524 -61.980724
7.408409 52.061168 -61.962480
7.501915 51.891389 -61.943742
7.596099 51.722191 -61.924510
7.690956 51.553582 -61.904787
7.786483 51.385568 -61.884575
7.882680 51.218155 -61.863875
7.979540 51.051350 -61.842691
8.077064 50.885158 -61.821023
8.175247 50.719587 -61.798874
8.308729 50.530491 -61.764428
8.410171 50.364966 -61.740647
8.512073 50.200245 -61.716459
8.614419 50.036337 -61.691870
8.717227 49.873234 -61.666876
8.820512 49.710924 -61.641472
8.924286 49.549400 -61.615655
9.028561 49.388656 -61.589421
9.133345 49.228687 -61.562768
9.238648 49.069489 -61.535695
9.344477 48.911058 -61.508199
9.450838 48.753391 -61.480280
9.557735 48.596489 -61.451937
9.665173 48.440348 -61.423169
9.773157 48.284968 -61.393976
9.881689 48.130351 -61.364359
9.990769 47.976496 -61.334318
10.100401 47.823404 -61.303853
10.210585 47.671077 -61.272964
10.321322 47.519516 -61.241655
10.432611 47.368724 -61.209924
10.544454 47.218700 -61.177773
10.656847 47.069451 -61.145206
10.769789 46.920979 -61.112222
10.883282 46.773284 -61.078823
10.997321 46.626372 -61.045011
11.111906 46.480243 -61.010788
11.227034 46.334903 -60.976156
11.342702 46.190355 -60.941117
11.458908 46.046601 -60.905674
11.575650 45.903645 -60.869828
11.692922 45.761492 -60.833582
11.810723 45.620145 -60.796938
11.929050 45.479607 -60.759899
12.047898 45.339883 -60.722467
12.167264 45.200976 -60.684645
12.287145 45.062889 -60.646435
12.407536 44.925628 -60.607841
12.528431 44.789196 -60.568864
12.649831 44.653594 -60.529507
12.771725 44.518831 -60.489775
12.894114 44.384907 -60.449668
13.016992 44.251827 -60.409190
13.140354 44.119594 -60.368344
13.264195 43.988213 -60.327133
13.388508 43.857689 -60.285561
13.513293 43.728022 -60.243628
13.638542 43.599218 -60.201340
13.764250 43.471281 -60.158699
13.890413 43.344214 -60.115708
14.017023 43.218022 -60.072372
14.144079 43.092705 -60.028691
14.271573 42.968270 -59.984670
14.399500 42.844720 -59.940312
14.527854 42.722057 -59.895621
14.656629 42.600285 -59.850599
14.785822 42.479408 -59.805250
14.915425 42.359428 -59.759577
15.045432 42.240350 -59.713584
15.175838 42.122176 -59.667274
15.306637 42.004909 -59.620651
15.437823 41.888553 -59.573717
15.569390 41.773110 -59.526477
15.701332 41.658584 -59.478934
15.833643 41.544976 -59.431091
15.966316 41.432292 -59.382953
16.099344 41.320532 -59.334522
16.232722 41.209700 -59.285802
16.366445 41.099798 -59.236797
16.500504 40.990830 -59.187510
16.634892 40.882797 -59.137946
16.769606 40.775701 -59.088107
16.904637 40.669546 -59.037998
17.039978 40.564334 -58.987621
17.175623 40.460067 -58.936982
17.311565 40.356747 -58.886083
17.447799 40.254375 -58.834929
17.584314 40.152956 -58.783523
17.721107 40.052489 -58.731869
17.858169 39.952977 -58.679971
17.995495 39.854421 -58.627832
18.133075 39.756825 -58.575458
18.270904 39.660189 -58.522850
18.408974 39.564515 -58.470014
18.547279 39.469804 -58.416953
18.685810 39.376057 -58.363671
18.824561 39.283277 -58.310173
18.963523 39.191465 -58.256461
19.102693 39.100620 -58.202540
19.242059 39.010744 -58.148414
19.381616 38.921840 -58.094087
19.521355 38.833907 -58.039564
19.661270 38.746946 -57.984846
19.801353 38.660958 -57.929940
19.941595 38.575944 -57.874849
20.081991 38.491904 -57.819577
20.222533 38.408839 -57.764128
20.363210 38.326749 -57.708506
20.504018 38.245635 -57.652715
20.644948 38.165496 -57.596760
20.785993 38.086333 -57.540644
20.927144 38.008146 -57.484371
21.068395 37.930935 -57.427946
21.209734 37.854701 -57.371373
21.351160 37.779440 -57.314655
21.492659 37.705156 -57.257797
21.634227 37.631847 -57.200803
21.775853 37.559512 -57.143678
21.917533 37.488150 -57.086423
22.059255 37.417762 -57.029047
22.201013 37.348346 -56.971550
22.342800 37.279902 -56.913937
22.484606 37.212428 -56.856214
22.626424 37.145924 -56.798384
22.768249 37.080388 -56.740449
22.910067 37.015820 -56.682417
23.051874 36.952217 -56.624290
23.193660 36.889579 -56.566072
23.335420 36.827904 -56.507768
23.477145 36.767190 -56.449381
23.618824 36.707436 -56.390916
23.760453 36.648640 -56.332376
23.902020 36.590800 -56.273767
24.043519 36.533914 -56.215092
24.184946 36.477980 -56.156355
24.326287 36.422996 -56.097559
24.467534 36.368961 -56.038712
24.608684 36.315870 -55.979813
24.749727 36.263721 -55.920869
24.890650 36.212515 -55.861884
25.031454 36.162245 -55.802861
25.172125 36.112911 -55.743805
25.312658 36.064509 -55.684718
25.453041 36.017037 -55.625607
25.593270 35.970491 -55.566475
25.735348 35.924244 -55.506562
25.896082 35.873121 -55.439491
26.056757 35.822974 -55.372363
26.217339 35.773805 -55.305192
26.377795 35.725615 -55.237995
26.538085 35.678410 -55.170789
26.698186 35.632187 -55.103585
26.858065 35.586949 -55.036399
27.017692 35.542694 -54.969244
27.177043 35.499421 -54.902131
27.336095 35.457128 -54.835071
27.494817 35.415814 -54.768078
27.653188 35.375476 -54.701161
27.811186 35.336112 -54.634331
27.968789 35.297717 -54.567596
28.125975 35.260288 -54.500968
28.282730 35.223821 -54.434453
28.439030 35.188310 -54.368060
28.594858 35.153752 -54.301799
28.750196 35.120141 -54.235676
28.905033 35.087471 -54.169697
29.059347 35.055737 -54.103872
29.213127 35.024932 -54.038205
29.366359 34.995050 -53.972702
29.519024 34.966086 -53.907372
